mean_ang_err = 1.5159116404486304
median_ang_err = 0.8771316539009726
best25_mean_ang_err = 0.24031582103744592
worst25_mean_ang_err = 3.503434666982325
min_ang_err = 0.02243940156612657
quartile1_ang_err = 0.4474040590917253
quartile3_ang_err = 2.5287003449112113
max_ang_err = 5.998121243446503
mean_pred_time = 0.0509845150841607
