mean_ang_err = 2.3027237434216707
median_ang_err = 1.6364855397563507
best25_mean_ang_err = 0.5365278047369724
worst25_mean_ang_err = 5.151411566754405
min_ang_err = 0.030683030189738288
quartile1_ang_err = 0.8892290353219043
quartile3_ang_err = 2.804515878965895
max_ang_err = 10.16076723569441
mean_pred_time = 0.05452650564688223
