mean_ang_err = 1.332385356173287
median_ang_err = 1.1499475674931183
best25_mean_ang_err = 0.2671947113548572
worst25_mean_ang_err = 2.9145883997334026
min_ang_err = 0.11684289419253674
quartile1_ang_err = 0.42376715014242566
quartile3_ang_err = 2.0240635163422454
max_ang_err = 4.807527838544876
mean_pred_time = 0.05148366645530418
